	HAandNandS.SSJ.185	HAandNnoS.SSJ.178	HAandNandS.SSJ.187	HAandNnoS.SSJ.179	HI.SSJ.25	HI.SSJ.23	HI.SSJ.22	HI.SSJ.24	HAandNandS.SSJ.189	HAandNandS.SSJ.188	HSnoNnoS.SSJ.158	HAandNnoS.SSJ.172	HAnoNandS.SSJ.161	HSnoNnoS.SSJ.159	HSnoNnoS.SSJ.157	HAnoNandS.SSJ.162	HAnoNandS.SSJ.164	HSnoNnoS.SSJ.153	HSnoNnoS.SSJ.151	HAnoNandS.SSJ.163	HI.SSJ.28	HAnoNandS.SSJ.165	HSnoNnoS.SSJ.152	HAandNnoS.SSJ.176	HI.SSJ.30	HI.SSJ.26	HSnoNnoS.SSJ.156	HAandNandS.SSJ.182	HAandNnoS.SSJ.180	HI.SSJ.27	HSnoNnoS.SSJ.155	HI.SSJ.29	HSnoNandS.SSJ.167	HI.SSJ.21
HAandNandS.SSJ.185	0.0	0.000287449561912	0.000373136094675	0.000373136094675	0.000373136094675	0.000373136094675	0.002450848408	0.000373136094675	0.000373136094675	0.000196827642743	0.000377558455067	0.000230465466418	0.000373136094675	0.00165416267857	0.00195408048739	0.000373136094675	0.000373136094675	0.000801727031268	0.00641481656805	1.0	0.0024547953181	0.000373136094675	0.000710269362226	0.000277672123705	0.000373136094675	0.000652819138617	0.00158577393526	0.000134604168507	0.000461740003586	0.00046090756107	0.00114455866062	0.000373136094675	0.000373136094675	0.000373136094675
HAandNnoS.SSJ.178	0.000287449561912	0.0	9.79091208429e-05	9.79091208429e-05	9.79091208429e-05	9.79091208429e-05	0.00260860419901	9.79091208429e-05	9.79091208429e-05	0.000241467112314	0.000546286123487	0.000223409604725	9.79091208429e-05	0.00189658857184	0.0022415300493	9.79091208429e-05	9.79091208429e-05	0.00107090618821	0.00658354423647	1.0	0.00263657624096	9.79091208429e-05	0.000978339797462	3.96551090209e-05	9.79091208429e-05	0.000833633139369	0.00183850678119	0.000173119437387	0.000731828618753	0.000703333454343	0.00138038599336	9.79091208429e-05	9.79091208429e-05	9.79091208429e-05
HAandNandS.SSJ.187	0.000373136094675	9.79091208429e-05	0.0	0.0	0.0	0.0	0.00267238095238	0.0	0.0	0.000327153645077	0.00063197265625	0.000300694275274	0.0	0.0019822751046	0.00232721658206	0.0	0.0	0.00115659272097	0.00666923076923	1.0	0.00272226277372	0.0	0.00106402633022	0.0001044530845	0.0	0.000919319672131	0.00192419331395	0.000258805970149	0.000817515151515	0.000789019987105	0.00146607252612	0.0	0.0	0.0
HAandNnoS.SSJ.179	0.000373136094675	9.79091208429e-05	0.0	0.0	0.0	0.0	0.00267238095238	0.0	0.0	0.000327153645077	0.00063197265625	0.000300694275274	0.0	0.0019822751046	0.00232721658206	0.0	0.0	0.00115659272097	0.00666923076923	1.0	0.00272226277372	0.0	0.00106402633022	0.0001044530845	0.0	0.000919319672131	0.00192419331395	0.000258805970149	0.000817515151515	0.000789019987105	0.00146607252612	0.0	0.0	0.0
HI.SSJ.25	0.000373136094675	9.79091208429e-05	0.0	0.0	0.0	0.0	0.00267238095238	0.0	0.0	0.000327153645077	0.00063197265625	0.000300694275274	0.0	0.0019822751046	0.00232721658206	0.0	0.0	0.00115659272097	0.00666923076923	1.0	0.00272226277372	0.0	0.00106402633022	0.0001044530845	0.0	0.000919319672131	0.00192419331395	0.000258805970149	0.000817515151515	0.000789019987105	0.00146607252612	0.0	0.0	0.0
HI.SSJ.23	0.000373136094675	9.79091208429e-05	0.0	0.0	0.0	0.0	0.00267238095238	0.0	0.0	0.000327153645077	0.00063197265625	0.000300694275274	0.0	0.0019822751046	0.00232721658206	0.0	0.0	0.00115659272097	0.00666923076923	1.0	0.00272226277372	0.0	0.00106402633022	0.0001044530845	0.0	0.000919319672131	0.00192419331395	0.000258805970149	0.000817515151515	0.000789019987105	0.00146607252612	0.0	0.0	0.0
HI.SSJ.22	0.002450848408	0.00260860419901	0.00267238095238	0.00267238095238	0.00267238095238	0.00267238095238	0.0	0.00267238095238	0.00267238095238	0.00251566587832	0.00224365048363	0.00248781335189	0.00267238095238	0.00129845312811	0.00130041696882	0.00267238095238	0.00267238095238	0.00192937575307	0.00574113553114	1.0	0.00168964198818	0.00267238095238	0.00203725752945	0.0026162119529	0.00267238095238	0.00207545472287	0.0014214289175	0.00247978393746	0.0022201991342	0.00224026618771	0.00175219656394	0.00267238095238	0.00267238095238	0.00267238095238
HI.SSJ.24	0.000373136094675	9.79091208429e-05	0.0	0.0	0.0	0.0	0.00267238095238	0.0	0.0	0.000327153645077	0.00063197265625	0.000300694275274	0.0	0.0019822751046	0.00232721658206	0.0	0.0	0.00115659272097	0.00666923076923	1.0	0.00272226277372	0.0	0.00106402633022	0.0001044530845	0.0	0.000919319672131	0.00192419331395	0.000258805970149	0.000817515151515	0.000789019987105	0.00146607252612	0.0	0.0	0.0
HAandNandS.SSJ.189	0.000373136094675	9.79091208429e-05	0.0	0.0	0.0	0.0	0.00267238095238	0.0	0.0	0.000327153645077	0.00063197265625	0.000300694275274	0.0	0.0019822751046	0.00232721658206	0.0	0.0	0.00115659272097	0.00666923076923	1.0	0.00272226277372	0.0	0.00106402633022	0.0001044530845	0.0	0.000919319672131	0.00192419331395	0.000258805970149	0.000817515151515	0.000789019987105	0.00146607252612	0.0	0.0	0.0
HAandNandS.SSJ.188	0.000196827642743	0.000241467112314	0.000327153645077	0.000327153645077	0.000327153645077	0.000327153645077	0.00251566587832	0.000327153645077	0.000327153645077	0.0	0.000481263971963	0.000165535484273	0.000327153645077	0.00176569944384	0.00210844516179	0.000327153645077	0.000327153645077	0.000939517403256	0.00651852208494	1.0	0.00255473155095	0.000327153645077	0.000846084169284	0.000242791274382	0.000327153645077	0.000704446015436	0.00172031588148	0.000108097285862	0.000641206699584	0.000586710542307	0.00126003999635	0.000327153645077	0.000327153645077	0.000327153645077
HSnoNnoS.SSJ.158	0.000377558455067	0.000546286123487	0.00063197265625	0.00063197265625	0.00063197265625	0.00063197265625	0.00224365048363	0.00063197265625	0.00063197265625	0.000481263971963	0.0	0.000509743667212	0.00063197265625	0.00142358369835	0.00176852517581	0.00063197265625	0.00063197265625	0.000584896115414	0.00611053936298	1.0	0.00216357136747	0.00063197265625	0.000507544901519	0.000568141655732	0.00063197265625	0.000360628265881	0.00133823446584	0.000373166686101	0.000293184303977	0.000318963156331	0.000884320271685	0.00063197265625	0.00063197265625	0.00063197265625
HAandNnoS.SSJ.172	0.000230465466418	0.000223409604725	0.000300694275274	0.000300694275274	0.000300694275274	0.000300694275274	0.00248781335189	0.000300694275274	0.000300694275274	0.000165535484273	0.000509743667212	0.0	0.000300694275274	0.00172433356989	0.00210943920274	0.000300694275274	0.000300694275274	0.000954230707363	0.00654700178019	1.0	0.00257825546556	0.000300694275274	0.000837369543183	0.000233027090204	0.000300694275274	0.000732942283501	0.00167956481213	0.000140619266639	0.000652850108884	0.000569615870002	0.0011927716735	0.000300694275274	0.000300694275274	0.000300694275274
HAnoNandS.SSJ.161	0.000373136094675	9.79091208429e-05	0.0	0.0	0.0	0.0	0.00267238095238	0.0	0.0	0.000327153645077	0.00063197265625	0.000300694275274	0.0	0.0019822751046	0.00232721658206	0.0	0.0	0.00115659272097	0.00666923076923	1.0	0.00272226277372	0.0	0.00106402633022	0.0001044530845	0.0	0.000919319672131	0.00192419331395	0.000258805970149	0.000817515151515	0.000789019987105	0.00146607252612	0.0	0.0	0.0
HSnoNnoS.SSJ.159	0.00165416267857	0.00189658857184	0.0019822751046	0.0019822751046	0.0019822751046	0.0019822751046	0.00129845312811	0.0019822751046	0.0019822751046	0.00176569944384	0.00142358369835	0.00172433356989	0.0019822751046	0.0	0.000667304626935	0.0019822751046	0.0019822751046	0.000980822764914	0.0052971962504	1.0	0.00126725968146	0.0019822751046	0.00103976824777	0.00188681113363	0.0019822751046	0.00121579149805	0.000275376477815	0.00172346913445	0.00131700072905	0.00124150025021	0.000792072007288	0.0019822751046	0.0019822751046	0.0019822751046
HSnoNnoS.SSJ.157	0.00195408048739	0.0022415300493	0.00232721658206	0.00232721658206	0.00232721658206	0.00232721658206	0.00130041696882	0.00232721658206	0.00232721658206	0.00210844516179	0.00176852517581	0.00210943920274	0.00232721658206	0.000667304626935	0.0	0.00232721658206	0.00232721658206	0.00128752675752	0.00490015293505	1.0	0.000840731470846	0.00232721658206	0.0013736895404	0.00223175261109	0.00232721658206	0.0015545362542	0.000671439752784	0.00206841061192	0.00158734702353	0.00165072167293	0.00108618664832	0.00232721658206	0.00232721658206	0.00232721658206
HAnoNandS.SSJ.162	0.000373136094675	9.79091208429e-05	0.0	0.0	0.0	0.0	0.00267238095238	0.0	0.0	0.000327153645077	0.00063197265625	0.000300694275274	0.0	0.0019822751046	0.00232721658206	0.0	0.0	0.00115659272097	0.00666923076923	1.0	0.00272226277372	0.0	0.00106402633022	0.0001044530845	0.0	0.000919319672131	0.00192419331395	0.000258805970149	0.000817515151515	0.000789019987105	0.00146607252612	0.0	0.0	0.0
HAnoNandS.SSJ.164	0.000373136094675	9.79091208429e-05	0.0	0.0	0.0	0.0	0.00267238095238	0.0	0.0	0.000327153645077	0.00063197265625	0.000300694275274	0.0	0.0019822751046	0.00232721658206	0.0	0.0	0.00115659272097	0.00666923076923	1.0	0.00272226277372	0.0	0.00106402633022	0.0001044530845	0.0	0.000919319672131	0.00192419331395	0.000258805970149	0.000817515151515	0.000789019987105	0.00146607252612	0.0	0.0	0.0
HSnoNnoS.SSJ.153	0.000801727031268	0.00107090618821	0.00115659272097	0.00115659272097	0.00115659272097	0.00115659272097	0.00192937575307	0.00115659272097	0.00115659272097	0.000939517403256	0.000584896115414	0.000954230707363	0.00115659272097	0.000980822764914	0.00128752675752	0.00115659272097	0.00115659272097	0.0	0.00583331049193	1.0	0.00184849154322	0.00115659272097	0.00028015792621	0.00106112875	0.00115659272097	0.000403772551638	0.00093541410312	0.000897786750821	0.000492955149414	0.000583197355762	0.000466457590125	0.00115659272097	0.00115659272097	0.00115659272097
HSnoNnoS.SSJ.151	0.00641481656805	0.00658354423647	0.00666923076923	0.00666923076923	0.00666923076923	0.00666923076923	0.00574113553114	0.00666923076923	0.00666923076923	0.00651852208494	0.00611053936298	0.00654700178019	0.00666923076923	0.0052971962504	0.00490015293505	0.00666923076923	0.00666923076923	0.00583331049193	0.0	1.0	0.00449061763054	0.00666923076923	0.00598681716528	0.00660539976871	0.00666923076923	0.00597453404792	0.00524558978086	0.00641042479908	0.00613823076923	0.00624168080147	0.00567014041889	0.00666923076923	0.00666923076923	0.00666923076923
HAnoNandS.SSJ.163	1.0	1.0	1.0	1.0	1.0	1.0	1.0	1.0	1.0	1.0	1.0	1.0	1.0	1.0	1.0	1.0	1.0	1.0	1.0	0.0	1.0	1.0	1.0	1.0	1.0	1.0	1.0	1.0	1.0	1.0	1.0	1.0	1.0	1.0
HI.SSJ.28	0.0024547953181	0.00263657624096	0.00272226277372	0.00272226277372	0.00272226277372	0.00272226277372	0.00168964198818	0.00272226277372	0.00272226277372	0.00255473155095	0.00216357136747	0.00257825546556	0.00272226277372	0.00126725968146	0.000840731470846	0.00272226277372	0.00272226277372	0.00184849154322	0.00449061763054	1.0	0.0	0.00272226277372	0.00199392486917	0.00265459558865	0.00272226277372	0.00199789392126	0.00124588922721	0.00246345680357	0.00216926277372	0.00225685336044	0.00162415582842	0.00272226277372	0.00272226277372	0.00272226277372
HAnoNandS.SSJ.165	0.000373136094675	9.79091208429e-05	0.0	0.0	0.0	0.0	0.00267238095238	0.0	0.0	0.000327153645077	0.00063197265625	0.000300694275274	0.0	0.0019822751046	0.00232721658206	0.0	0.0	0.00115659272097	0.00666923076923	1.0	0.00272226277372	0.0	0.00106402633022	0.0001044530845	0.0	0.000919319672131	0.00192419331395	0.000258805970149	0.000817515151515	0.000789019987105	0.00146607252612	0.0	0.0	0.0
HSnoNnoS.SSJ.152	0.000710269362226	0.000978339797462	0.00106402633022	0.00106402633022	0.00106402633022	0.00106402633022	0.00203725752945	0.00106402633022	0.00106402633022	0.000846084169284	0.000507544901519	0.000837369543183	0.00106402633022	0.00103976824777	0.0013736895404	0.00106402633022	0.00106402633022	0.00028015792621	0.00598681716528	1.0	0.00199392486917	0.00106402633022	0.0	0.000968562359255	0.00106402633022	0.00031745484834	0.00107006927391	0.000805220360076	0.000384320583786	0.000402079043726	0.000627377604542	0.00106402633022	0.00106402633022	0.00106402633022
HAandNnoS.SSJ.176	0.000277672123705	3.96551090209e-05	0.0001044530845	0.0001044530845	0.0001044530845	0.0001044530845	0.0026162119529	0.0001044530845	0.0001044530845	0.000242791274382	0.000568141655732	0.000233027090204	0.0001044530845	0.00188681113363	0.00223175261109	0.0001044530845	0.0001044530845	0.00106112875	0.00660539976871	1.0	0.00265459558865	0.0001044530845	0.000968562359255	0.0	0.0001044530845	0.000851652487061	0.00182872934298	0.000194974969631	0.000722051180546	0.000693556016136	0.00139079518035	0.0001044530845	0.0001044530845	0.0001044530845
HI.SSJ.30	0.000373136094675	9.79091208429e-05	0.0	0.0	0.0	0.0	0.00267238095238	0.0	0.0	0.000327153645077	0.00063197265625	0.000300694275274	0.0	0.0019822751046	0.00232721658206	0.0	0.0	0.00115659272097	0.00666923076923	1.0	0.00272226277372	0.0	0.00106402633022	0.0001044530845	0.0	0.000919319672131	0.00192419331395	0.000258805970149	0.000817515151515	0.000789019987105	0.00146607252612	0.0	0.0	0.0
HI.SSJ.26	0.000652819138617	0.000833633139369	0.000919319672131	0.000919319672131	0.000919319672131	0.000919319672131	0.00207545472287	0.000919319672131	0.000919319672131	0.000704446015436	0.000360628265881	0.000732942283501	0.000919319672131	0.00121579149805	0.0015545362542	0.000919319672131	0.000919319672131	0.000403772551638	0.00597453404792	1.0	0.00199789392126	0.000919319672131	0.00031745484834	0.000851652487061	0.000919319672131	0.0	0.00117562774018	0.000660513701982	0.000376223298559	0.000451269762501	0.000697874459681	0.000919319672131	0.000919319672131	0.000919319672131
HSnoNnoS.SSJ.156	0.00158577393526	0.00183850678119	0.00192419331395	0.00192419331395	0.00192419331395	0.00192419331395	0.0014214289175	0.00192419331395	0.00192419331395	0.00172031588148	0.00133823446584	0.00167956481213	0.00192419331395	0.000275376477815	0.000671439752784	0.00192419331395	0.00192419331395	0.00093541410312	0.00524558978086	1.0	0.00124588922721	0.00192419331395	0.00107006927391	0.00182872934298	0.00192419331395	0.00117562774018	0.0	0.0016653873438	0.00130069507576	0.00129976856173	0.00070994717146	0.00192419331395	0.00192419331395	0.00192419331395
HAandNandS.SSJ.182	0.000134604168507	0.000173119437387	0.000258805970149	0.000258805970149	0.000258805970149	0.000258805970149	0.00247978393746	0.000258805970149	0.000258805970149	0.000108097285862	0.000373166686101	0.000140619266639	0.000258805970149	0.00172346913445	0.00206841061192	0.000258805970149	0.000258805970149	0.000897786750821	0.00641042479908	1.0	0.00246345680357	0.000258805970149	0.000805220360076	0.000194974969631	0.000258805970149	0.000660513701982	0.0016653873438	0.0	0.000558709181366	0.000539221166893	0.00120726655597	0.000258805970149	0.000258805970149	0.000258805970149
HAandNnoS.SSJ.180	0.000461740003586	0.000731828618753	0.000817515151515	0.000817515151515	0.000817515151515	0.000817515151515	0.0022201991342	0.000817515151515	0.000817515151515	0.000641206699584	0.000293184303977	0.000652850108884	0.000817515151515	0.00131700072905	0.00158734702353	0.000817515151515	0.000817515151515	0.000492955149414	0.00613823076923	1.0	0.00216926277372	0.000817515151515	0.000384320583786	0.000722051180546	0.000817515151515	0.000376223298559	0.00130069507576	0.000558709181366	0.0	0.000250203094778	0.000812430537707	0.000817515151515	0.000817515151515	0.000817515151515
HI.SSJ.27	0.00046090756107	0.000703333454343	0.000789019987105	0.000789019987105	0.000789019987105	0.000789019987105	0.00224026618771	0.000789019987105	0.000789019987105	0.000586710542307	0.000318963156331	0.000569615870002	0.000789019987105	0.00124150025021	0.00165072167293	0.000789019987105	0.000789019987105	0.000583197355762	0.00624168080147	1.0	0.00225685336044	0.000789019987105	0.000402079043726	0.000693556016136	0.000789019987105	0.000451269762501	0.00129976856173	0.000539221166893	0.000250203094778	0.0	0.000898285940391	0.000789019987105	0.000789019987105	0.000789019987105
HSnoNnoS.SSJ.155	0.00114455866062	0.00138038599336	0.00146607252612	0.00146607252612	0.00146607252612	0.00146607252612	0.00175219656394	0.00146607252612	0.00146607252612	0.00126003999635	0.000884320271685	0.0011927716735	0.00146607252612	0.000792072007288	0.00108618664832	0.00146607252612	0.00146607252612	0.000466457590125	0.00567014041889	1.0	0.00162415582842	0.00146607252612	0.000627377604542	0.00139079518035	0.00146607252612	0.000697874459681	0.00070994717146	0.00120726655597	0.000812430537707	0.000898285940391	0.0	0.00146607252612	0.00146607252612	0.00146607252612
HI.SSJ.29	0.000373136094675	9.79091208429e-05	0.0	0.0	0.0	0.0	0.00267238095238	0.0	0.0	0.000327153645077	0.00063197265625	0.000300694275274	0.0	0.0019822751046	0.00232721658206	0.0	0.0	0.00115659272097	0.00666923076923	1.0	0.00272226277372	0.0	0.00106402633022	0.0001044530845	0.0	0.000919319672131	0.00192419331395	0.000258805970149	0.000817515151515	0.000789019987105	0.00146607252612	0.0	0.0	0.0
HSnoNandS.SSJ.167	0.000373136094675	9.79091208429e-05	0.0	0.0	0.0	0.0	0.00267238095238	0.0	0.0	0.000327153645077	0.00063197265625	0.000300694275274	0.0	0.0019822751046	0.00232721658206	0.0	0.0	0.00115659272097	0.00666923076923	1.0	0.00272226277372	0.0	0.00106402633022	0.0001044530845	0.0	0.000919319672131	0.00192419331395	0.000258805970149	0.000817515151515	0.000789019987105	0.00146607252612	0.0	0.0	0.0
HI.SSJ.21	0.000373136094675	9.79091208429e-05	0.0	0.0	0.0	0.0	0.00267238095238	0.0	0.0	0.000327153645077	0.00063197265625	0.000300694275274	0.0	0.0019822751046	0.00232721658206	0.0	0.0	0.00115659272097	0.00666923076923	1.0	0.00272226277372	0.0	0.00106402633022	0.0001044530845	0.0	0.000919319672131	0.00192419331395	0.000258805970149	0.000817515151515	0.000789019987105	0.00146607252612	0.0	0.0	0.0